      0/30      4.4G   0.06796   0.05062         0    0.1186        60       640    0.1111    0.4462    0.1911   0.05741   0.08142    0.0433         0
      1/30     4.61G   0.05647   0.04915         0    0.1056        49       640   0.03106    0.6588    0.2066   0.05752   0.06384     0.101         0
      2/30     4.61G   0.05653   0.05031         0    0.1068        71       640     0.162    0.5352    0.2486   0.05715   0.07216   0.04477         0
      3/30     4.61G   0.05684   0.05139         0    0.1082        65       640   0.08148    0.5513    0.1786   0.03926    0.0727   0.06398         0
      4/30     4.61G   0.05575   0.05322         0     0.109        51       640   0.09348    0.6514     0.259   0.07287     0.063   0.05431         0
      5/30     4.61G   0.05741   0.05333         0    0.1107        54       640    0.1605     0.382    0.1524   0.03561   0.07221   0.04875         0
      6/30     4.61G   0.05496   0.05283         0    0.1078        42       640     0.239    0.4561    0.2652    0.0746    0.0647   0.04166         0
      7/30     4.61G   0.05504   0.05343         0    0.1085        47       640    0.0794    0.5773    0.1866   0.05624   0.06094   0.04379         0
      8/30     4.61G   0.05368   0.05241         0    0.1061        61       640    0.2126    0.6737    0.3593    0.1258   0.05468   0.04382         0
      9/30     4.61G     0.053   0.05087         0    0.1039        53       640    0.2967    0.3609    0.2367   0.06281   0.06693   0.04302         0
     10/30     4.61G   0.05562   0.05294         0    0.1086        50       640   0.02681    0.6774    0.1636   0.05247   0.06075   0.09235         0
     11/30     4.61G   0.05372   0.05306         0    0.1068        75       640    0.1126    0.2089    0.0826   0.03046   0.07852   0.04804         0
     12/30     4.61G   0.05197   0.05172         0    0.1037        74       640   0.08145    0.4549    0.1664   0.05338   0.06384     0.042         0
     13/30     4.61G   0.05233   0.05093         0    0.1033        65       640    0.2135    0.6329    0.3618    0.1283   0.05435   0.04214         0
     14/30     4.61G   0.05062   0.04985         0    0.1005        73       640    0.3295    0.6341    0.5412    0.2068   0.05553   0.03905         0
     15/30     4.61G   0.05013   0.05034         0    0.1005        61       640    0.2439    0.6564    0.4884    0.1952   0.04984   0.03909         0
     16/30     4.61G   0.04885    0.0498         0   0.09865        60       640    0.4689    0.4944    0.4405    0.1755   0.05485   0.04298         0
     17/30     4.61G   0.04679   0.04967         0   0.09646        67       640    0.3524    0.7429    0.6139    0.2704   0.04734   0.03753         0
     18/30     4.61G   0.04651    0.0467         0   0.09321        53       640     0.296    0.7404    0.5576    0.2254   0.05021   0.04028         0
     19/30     4.61G    0.0455   0.04712         0   0.09263        62       640    0.5851    0.6403    0.6273    0.2764   0.04932   0.03717         0
     20/30     4.61G   0.04394   0.04726         0   0.09121        59       640    0.4024    0.7787    0.6473    0.3009   0.04525   0.03491         0
     21/30     4.61G   0.04409   0.04813         0   0.09221        60       640    0.4583    0.7404     0.657    0.3311   0.04403   0.03658         0
     22/30     4.61G   0.04325   0.04739         0   0.09063        53       640    0.4575    0.7281    0.6244    0.2964   0.04551   0.03501         0
     23/30     4.61G   0.04105   0.04592         0   0.08697        61       640    0.5616    0.7602    0.7132    0.3562   0.04321   0.03436         0
     24/30     4.61G   0.04131    0.0454         0   0.08671        61       640    0.6398    0.7575    0.7456    0.3849   0.04124   0.03475         0
     25/30     4.61G   0.04042   0.04551         0   0.08593        67       640    0.3078    0.8109    0.6418    0.3125   0.04293   0.03611         0
     26/30     4.61G    0.0395   0.04515         0   0.08464        55       640    0.3856    0.8566    0.7384    0.3883   0.03976   0.03448         0
     27/30     4.61G   0.03938   0.04332         0   0.08269        50       640    0.6463    0.7441     0.741    0.4026    0.0409   0.03431         0
     28/30     4.61G   0.03855   0.04309         0   0.08164        81       640    0.6249    0.7998    0.7607     0.415   0.03975   0.03301         0
     29/30     4.61G   0.03795    0.0424         0   0.08036        93       640    0.5224    0.8158    0.7681      0.41   0.04043   0.03369         0
     30/30     4.61G   0.03748   0.04504         0   0.08252        62       640    0.4422    0.8356    0.7581    0.4015   0.03969   0.03342         0
