0 0.207 0.861 0.168 0.095
0 0.043 0.834 0.087 0.097
0 0.034 0.651 0.017 0.064
0 0.1 0.612 0.083 0.055
0 0.106 0.656 0.037 0.084
0 0.176 0.688 0.106 0.069
0 0.167 0.784 0.079 0.072
0 0.168 0.609 0.031 0.05
0 0.248 0.769 0.076 0.04
0 0.251 0.63 0.037 0.048
0 0.34 0.784 0.073 0.09
0 0.377 0.57 0.078 0.056
0 0.398 0.637 0.085 0.066
0 0.424 0.864 0.105 0.105
0 0.458 0.73 0.087 0.095
0 0.651 0.694 0.364 0.384
0 0.774 0.573 0.034 0.046
0 0.815 0.623 0.08 0.049
0 0.855 0.658 0.062 0.021
0 0.948 0.641 0.078 0.082
