0 0.257 0.253 0.184 0.182
0 0.04 0.729 0.08 0.092
0 0.14 0.844 0.279 0.202
0 0.25 0.616 0.306 0.169
0 0.292 0.672 0.337 0.24
0 0.316 0.47 0.262 0.164
0 0.392 0.513 0.247 0.13
0 0.457 0.794 0.367 0.189
0 0.533 0.596 0.284 0.191
0 0.441 0.188 0.078 0.125
0 0.554 0.763 0.253 0.201
0 0.475 0.108 0.09 0.065
0 0.538 0.172 0.065 0.109
0 0.638 0.523 0.266 0.152
0 0.571 0.465 0.118 0.078
0 0.582 0.254 0.115 0.107
0 0.591 0.173 0.047 0.094
0 0.631 0.163 0.059 0.068
0 0.713 0.885 0.22 0.155
0 0.667 0.203 0.104 0.089
0 0.759 0.637 0.283 0.148
0 0.797 0.715 0.3 0.245
0 0.721 0.24 0.142 0.095
0 0.755 0.967 0.201 0.051
0 0.758 0.339 0.188 0.124
0 0.817 0.491 0.153 0.182
0 0.872 0.551 0.172 0.086
0 0.902 0.783 0.194 0.267
0 0.896 0.128 0.097 0.137
0 0.933 0.6 0.132 0.129
0 0.943 0.482 0.105 0.132
0 0.966 0.297 0.066 0.099
0 0.968 0.51 0.062 0.12
0 0.981 0.357 0.035 0.077
