0 0.021 0.514 0.043 0.208
0 0.091 0.548 0.173 0.209
0 0.03 0.152 0.044 0.069
0 0.141 0.649 0.164 0.204
0 0.105 0.196 0.067 0.07
0 0.131 0.375 0.106 0.143
0 0.176 0.168 0.092 0.127
0 0.196 0.492 0.077 0.132
0 0.235 0.439 0.115 0.16
0 0.299 0.02 0.029 0.04
0 0.316 0.023 0.028 0.022
0 0.352 0.225 0.034 0.061
0 0.405 0.504 0.112 0.187
0 0.398 0.217 0.067 0.12
0 0.455 0.233 0.044 0.091
0 0.522 0.573 0.17 0.212
0 0.601 0.296 0.074 0.13
0 0.681 0.335 0.127 0.168
0 0.88 0.544 0.147 0.145
0 0.85 0.415 0.082 0.133
0 0.954 0.406 0.09 0.129
