0 0.837 0.824 0.325 0.277
0 0.14 0.654 0.228 0.188
0 0.096 0.499 0.099 0.15
0 0.152 0.533 0.09 0.068
0 0.254 0.757 0.199 0.303
0 0.216 0.464 0.075 0.049
0 0.262 0.548 0.144 0.116
0 0.292 0.444 0.108 0.099
0 0.363 0.889 0.144 0.203
0 0.319 0.469 0.049 0.07
0 0.341 0.389 0.075 0.027
0 0.364 0.469 0.098 0.059
0 0.404 0.618 0.174 0.247
0 0.37 0.427 0.078 0.06
0 0.454 0.441 0.094 0.102
0 0.489 0.412 0.077 0.09
0 0.586 0.855 0.265 0.257
0 0.552 0.593 0.162 0.168
0 0.615 0.751 0.258 0.225
0 0.781 0.938 0.436 0.121
0 0.685 0.628 0.194 0.128
0 0.7 0.512 0.115 0.137
0 0.72 0.426 0.052 0.062
0 0.76 0.473 0.096 0.107
0 0.841 0.436 0.105 0.085
0 0.971 0.482 0.057 0.117
